0 0
0.01 0.000005115
0.02 0.0000099975
0.03 0.000018135
0.04 0.0000372
0.05 0.0000465
0.06 0.0000558
0.07 0.00006045
0.08 0.00005115
0.09 0.0000372
0.10 0.0000186
0.11 0
0.12 -0.0000093
0.13 -0.00001395
0.14 -0.00001395
0.15 -0.0000186
0.16 -0.00002325
0.17 -0.0000279
0.18 -0.00003255
0.19 -0.0000372
0.20 -0.00004185
0.21 -0.0000465
0.22 -0.0000558
0.23 -0.0000651
0.24 -0.0000744
0.25 -0.00008835
0.26 -0.0001116
0.27 -0.0001302
0.28 -0.0001395
0.29 -0.00012555
0.30 -0.0000465
0.31 0.0002325
0.32 0.00093
0.33 0.001023
0.34 0.00081375
0.35 0
0.36 -0.000093
0.37 -0.000186
0.38 -0.00020925
0.39 -0.00016275
0.40 -0.000093
0.41 -0.00006975
0.42 -0.0000465
0.43 -0.00002325
0.44 -0.0000093
0.45 -0.00000465
0.46 0
0.47 0
0.48 0
0.49 0
0.50 0
0.51 0
0.52 0
0.53 0
0.54 0
0.55 0
0.56 0
0.57 0
0.58 0
0.59 0
0.60 0.0000046035
0.61 0.0000093
0.62 0.0000186
0.63 0.00002325
0.64 0.00003255
0.65 0.00004185
0.66 0.00005115
0.67 0.00006045
0.68 0.0000744
0.69 0.00009765
0.70 0.00011625
0.71 0.00012555
0.72 0.0001302
0.73 0.0001209
0.74 0.000093
0.75 0.00006975
0.76 0.0000465
0.77 0.0000279
0.78 0.00001395
0.79 0.0000093
0.80 0.00000465
0.81 0.00000465
0.82 0
0.83 0
0.84 0
0.85 0
0.86 0
0.87 0
0.88 0
0.89 0
0.90 0
0.91 0
0.92 0
0.93 0
0.94 0
0.95 0
0.96 0
0.97 0
0.98 0
0.99 0
1.00 0